Pos	H3K27ac	CTCF	Enhancer	H3K4me3	polII	Set
-5000	8.71298	10.69130	11.7359	10.02510	8.26866	1
-4000	8.43246	10.76680	11.8442	9.76927	7.78358	1
-3000	8.25497	10.54410	12.2470	9.40346	6.96859	1
-2000	7.16265	10.86350	12.6889	8.35070	4.84365	1
-1000	3.55341	8.45751	12.8372	4.84680	1.26110	1
0	3.55030	8.50316	13.4152	5.17401	1.50022	1
1000	7.07502	10.91430	12.3588	8.13909	4.88096	1
2000	8.24328	10.70220	12.3888	9.47255	7.67968	1
3000	8.43869	10.41010	11.9760	9.80665	7.94148	1
4000	8.48877	10.57570	11.6562	9.71986	8.17849	1
-5000	8.71298	10.69130	11.7359	10.02510	8.26866	2
-4000	8.43246	10.76680	11.8442	9.76927	7.78358	2
-3000	8.25497	10.54410	12.2470	9.40346	6.96859	2
-2000	7.16265	10.86350	12.6889	8.35070	4.84365	2
-1000	3.55341	8.45751	12.8372	4.84680	1.26110	2
0	3.55030	8.50316	13.4152	5.17401	1.50022	2
1000	7.07502	10.91430	12.3588	8.13909	4.88096	2
2000	8.24328	10.70220	12.3888	9.47255	7.67968	2
3000	8.43869	10.41010	11.9760	9.80665	7.94148	2
4000	8.48877	10.57570	11.6562	9.71986	8.17849	2