GeType	Name	2cell_1	2cell_2	2cell_3	2cell_4	2cell_5	2cell_6	4cell_1	4cell_2	4cell_3	4cell_4	4cell_5	4cell_6	zygote_1	zygote_2	zygote_3	zygote_4	zygote_5	zygote_6
A	A	8	13	14	9	19	12	3.2	5.2	5.6	3.6	7.6	4.8	0.8	1.3	1.4	0.9	1.9	1.2
A	B	8	13	14	9	19	12	3.2	5.2	5.6	3.6	7.6	4.8	0.8	1.3	1.4	0.9	1.9	1.2
A	C	8	13	14	9	19	12	3.2	5.2	5.6	3.6	7.6	4.8	0.8	1.3	1.4	0.9	1.9	1.2
B	D	8	13	14	9	19	12	3.2	5.2	5.6	3.6	7.6	4.8	0.8	1.3	1.4	0.9	1.9	1.2
B	E	8	13	14	9	19	12	3.2	5.2	5.6	3.6	7.6	4.8	0.8	1.3	1.4	0.9	1.9	1.2
B	F	8	13	14	9	19	12	3.2	5.2	5.6	3.6	7.6	4.8	0.8	1.3	1.4	0.9	1.9	1.2
C	G	8	13	14	9	19	12	3.2	5.2	5.6	3.6	7.6	4.8	0.8	1.3	1.4	0.9	1.9	1.2
C	H	8	13	14	9	19	12	3.2	5.2	5.6	3.6	7.6	4.8	0.8	1.3	1.4	0.9	1.9	1.2
C	I	8	13	14	9	19	12	3.2	5.2	5.6	3.6	7.6	4.8	0.8	1.3	1.4	0.9	1.9	1.2
